     0.000      0.000
     0.100      0.100
     0.200      0.199
     0.300      0.296
     0.400      0.389
     0.500      0.479
     0.600      0.565
     0.700      0.644
     0.800      0.717
     0.900      0.783
     1.000      0.841
     1.100      0.891
     1.200      0.932
     1.300      0.964
     1.400      0.985
     1.500      0.997
     1.600      1.000
     1.700      0.992
     1.800      0.974
     1.900      0.946
     2.000      0.909
     2.100      0.863
     2.200      0.808
     2.300      0.746
     2.400      0.675
     2.500      0.598
     2.600      0.516
     2.700      0.427
     2.800      0.335
     2.900      0.239
     3.000      0.141
     3.100      0.042
     3.200     -0.058
     3.300     -0.158
     3.400     -0.256
     3.500     -0.351
     3.600     -0.443
     3.700     -0.530
     3.800     -0.612
     3.900     -0.688
     4.000     -0.757
     4.100     -0.818
     4.200     -0.872
     4.300     -0.916
     4.400     -0.952
     4.500     -0.978
     4.600     -0.994
     4.700     -1.000
     4.800     -0.996
     4.900     -0.982
     5.000     -0.959
     5.100     -0.926
     5.200     -0.883
     5.300     -0.832
     5.400     -0.773
     5.500     -0.706
     5.600     -0.631
     5.700     -0.551
     5.800     -0.465
     5.900     -0.374
     6.000     -0.279
     6.100     -0.182
     6.200     -0.083
     6.300      0.017
     6.400      0.117
     6.500      0.215
     6.600      0.312
     6.700      0.405
     6.800      0.494
     6.900      0.578
     7.000      0.657
     7.100      0.729
     7.200      0.794
     7.300      0.850
     7.400      0.899
     7.500      0.938
     7.600      0.968
     7.700      0.988
     7.800      0.999
     7.900      0.999
     8.000      0.989
     8.100      0.970
     8.200      0.941
     8.300      0.902
     8.400      0.855
     8.500      0.798
     8.600      0.734
     8.700      0.663
     8.800      0.585
     8.900      0.501
     9.000      0.412
     9.100      0.319
     9.200      0.223
     9.300      0.124
     9.400      0.025
     9.500     -0.075
     9.600     -0.174
     9.700     -0.272
     9.800     -0.366
     9.900     -0.458
    10.000     -0.544
    10.100     -0.625
    10.200     -0.700
    10.300     -0.768
    10.400     -0.828
    10.500     -0.880
    10.600     -0.923
    10.700     -0.957
    10.800     -0.981
    10.900     -0.995
    11.000     -1.000
    11.100     -0.995
    11.200     -0.979
    11.300     -0.954
    11.400     -0.919
    11.500     -0.875
    11.600     -0.823
    11.700     -0.762
    11.800     -0.694
    11.900     -0.618
    12.000     -0.537
    12.100     -0.450
    12.200     -0.358
    12.300     -0.263
    12.400     -0.166
    12.500     -0.066
    12.600      0.034
    12.700      0.133
    12.800      0.232
    12.900      0.327
    13.000      0.420
    13.100      0.509
    13.200      0.592
    13.300      0.670
    13.400      0.740
    13.500      0.804
    13.600      0.859
    13.700      0.906
    13.800      0.944
    13.900      0.972
    14.000      0.991
    14.100      0.999
    14.200      0.998
    14.300      0.987
    14.400      0.966
    14.500      0.935
    14.600      0.895
    14.700      0.846
    14.800      0.788
    14.900      0.723
    15.000      0.650
    15.100      0.571
    15.200      0.486
    15.300      0.397
    15.400      0.303
    15.500      0.206
    15.600      0.108
    15.700      0.008
    15.800     -0.092
    15.900     -0.191
    16.000     -0.288
    16.100     -0.382
    16.200     -0.472
    16.300     -0.558
    16.400     -0.638
    16.500     -0.712
    16.600     -0.778
    16.700     -0.837
    16.800     -0.888
    16.900     -0.929
    17.000     -0.961
    17.100     -0.984
    17.200     -0.997
    17.300     -1.000
    17.400     -0.993
    17.500     -0.976
    17.600     -0.949
    17.700     -0.913
    17.800     -0.867
    17.900     -0.813
    18.000     -0.751
    18.100     -0.681
    18.200     -0.605
    18.300     -0.522
    18.400     -0.435
    18.500     -0.342
    18.600     -0.247
    18.700     -0.149
    18.800     -0.050
    18.900      0.050
    19.000      0.150
    19.100      0.248
    19.200      0.343
    19.300      0.435
    19.400      0.523
    19.500      0.606
    19.600      0.682
    19.700      0.752
    19.800      0.814
    19.900      0.868
    20.000      0.913
    20.100      0.949
    20.200      0.976
    20.300      0.993
    20.400      1.000
    20.500      0.997
    20.600      0.984
    20.700      0.961
    20.800      0.929
    20.900      0.887
    21.000      0.837
    21.100      0.778
    21.200      0.711
    21.300      0.637
    21.400      0.557
    21.500      0.472
    21.600      0.381
    21.700      0.287
    21.800      0.190
    21.900      0.091
    22.000     -0.009
    22.100     -0.109
    22.200     -0.207
    22.300     -0.304
    22.400     -0.398
    22.500     -0.487
    22.600     -0.572
    22.700     -0.651
    22.800     -0.723
    22.900     -0.789
    23.000     -0.846
    23.100     -0.895
    23.200     -0.935
    23.300     -0.966
    23.400     -0.987
    23.500     -0.998
    23.600     -0.999
    23.700     -0.990
    23.800     -0.972
    23.900     -0.943
    24.000     -0.906
    24.100     -0.859
    24.200     -0.803
    24.300     -0.740
    24.400     -0.669
    24.500     -0.591
    24.600     -0.508
    24.700     -0.419
    24.800     -0.327
    24.900     -0.231
    25.000     -0.132
    25.100     -0.033
    25.200      0.067
    25.300      0.166
    25.400      0.264
    25.500      0.359
    25.600      0.450
    25.700      0.537
    25.800      0.619
    25.900      0.694
    26.000      0.763
    26.100      0.823
    26.200      0.876
    26.300      0.920
    26.400      0.954
    26.500      0.979
    26.600      0.995
    26.700      1.000
    26.800      0.995
    26.900      0.981
    27.000      0.956
    27.100      0.922
    27.200      0.879
    27.300      0.827
    27.400      0.767
    27.500      0.699
    27.600      0.624
    27.700      0.543
    27.800      0.457
    27.900      0.366
    28.000      0.271
    28.100      0.173
    28.200      0.074
    28.300     -0.026
    28.400     -0.125
    28.500     -0.224
    28.600     -0.320
    28.700     -0.413
    28.800     -0.502
    28.900     -0.586
    29.000     -0.664
    29.100     -0.735
    29.200     -0.799
    29.300     -0.855
    29.400     -0.903
    29.500     -0.941
    29.600     -0.970
    29.700     -0.989
    29.800     -0.999
    29.900     -0.998
    30.000     -0.988
    30.100     -0.968
    30.200     -0.938
    30.300     -0.898
    30.400     -0.850
    30.500     -0.793
    30.600     -0.728
    30.700     -0.656
    30.800     -0.578
    30.900     -0.493
    31.000     -0.404
    31.100     -0.311
    31.200     -0.214
    31.300     -0.116
    31.400     -0.016
    31.500      0.084
    31.600      0.183
    31.700      0.280
    31.800      0.375
    31.900      0.465
    32.000      0.551
    32.100      0.632
    32.200      0.706
    32.300      0.773
    32.400      0.833
    32.500      0.884
    32.600      0.926
    32.700      0.959
    32.800      0.983
    32.900      0.996
    33.000      1.000
    33.100      0.994
    33.200      0.977
    33.300      0.951
    33.400      0.916
    33.500      0.871
    33.600      0.818
    33.700      0.756
    33.800      0.687
    33.900      0.611
    34.000      0.529
    34.100      0.442
    34.200      0.350
    34.300      0.255
    34.400      0.157
    34.500      0.057
    34.600     -0.042
    34.700     -0.142
    34.800     -0.240
    34.900     -0.336
    35.000     -0.428
    35.100     -0.516
    35.200     -0.599
    35.300     -0.676
    35.400     -0.746
    35.500     -0.809
    35.600     -0.864
    35.700     -0.910
    35.800     -0.947
    35.900     -0.974
    36.000     -0.992
    36.100     -1.000
    36.200     -0.997
    36.300     -0.985
    36.400     -0.963
    36.500     -0.932
    36.600     -0.891
    36.700     -0.841
    36.800     -0.783
    36.900     -0.717
    37.000     -0.644
    37.100     -0.564
    37.200     -0.479
    37.300     -0.389
    37.400     -0.295
    37.500     -0.198
    37.600     -0.099
    37.700      0.001
    37.800      0.101
    37.900      0.200
    38.000      0.296
    38.100      0.390
    38.200      0.480
    38.300      0.565
    38.400      0.645
    38.500      0.718
    38.600      0.784
    38.700      0.842
    38.800      0.892
    38.900      0.932
    39.000      0.964
    39.100      0.986
    39.200      0.998
    39.300      1.000
    39.400      0.992
    39.500      0.974
    39.600      0.946
    39.700      0.909
    39.800      0.863
    39.900      0.808
    40.000      0.745
    40.100      0.675
    40.200      0.598
    40.300      0.515
    40.400      0.427
    40.500      0.334
    40.600      0.238
    40.700      0.140
    40.800      0.041
    40.900     -0.059
    41.000     -0.159
    41.100     -0.256
    41.200     -0.352
    41.300     -0.443
    41.400     -0.531
    41.500     -0.613
    41.600     -0.688
    41.700     -0.757
    41.800     -0.819
    41.900     -0.872
    42.000     -0.917
    42.100     -0.952
    42.200     -0.978
    42.300     -0.994
    42.400     -1.000
    42.500     -0.996
    42.600     -0.982
    42.700     -0.959
    42.800     -0.925
    42.900     -0.883
    43.000     -0.832
    43.100     -0.772
    43.200     -0.705
    43.300     -0.631
    43.400     -0.550
    43.500     -0.464
    43.600     -0.373
    43.700     -0.279
    43.800     -0.181
    43.900     -0.082
    44.000      0.018
    44.100      0.117
    44.200      0.216
    44.300      0.312
    44.400      0.406
    44.500      0.495
    44.600      0.579
    44.700      0.658
    44.800      0.730
    44.900      0.794
    45.000      0.851
    45.100      0.899
    45.200      0.938
    45.300      0.968
    45.400      0.988
    45.500      0.999
    45.600      0.999
    45.700      0.989
    45.800      0.970
    45.900      0.940
    46.000      0.902
    46.100      0.854
    46.200      0.798
    46.300      0.734
    46.400      0.662
    46.500      0.584
    46.600      0.500
    46.700      0.411
    46.800      0.318
    46.900      0.222
    47.000      0.124
    47.100      0.024
    47.200     -0.076
    47.300     -0.175
    47.400     -0.273
    47.500     -0.367
    47.600     -0.458
    47.700     -0.545
    47.800     -0.626
    47.900     -0.701
    48.000     -0.768
    48.100     -0.828
    48.200     -0.880
    48.300     -0.923
    48.400     -0.957
    48.500     -0.981
    48.600     -0.996
    48.700     -1.000
    48.800     -0.994
    48.900     -0.979
    49.000     -0.954
    49.100     -0.919
    49.200     -0.875
    49.300     -0.822
    49.400     -0.761
    49.500     -0.693
    49.600     -0.617
    49.700     -0.536
    49.800     -0.449
    49.900     -0.357
    50.000     -0.262
    50.100     -0.165
    50.200     -0.065
    50.300      0.035
    50.400      0.134
    50.500      0.232
    50.600      0.328
    50.700      0.421
    50.800      0.509
    50.900      0.593
    51.000      0.670
    51.100      0.741
    51.200      0.804
    51.300      0.860
    51.400      0.906
    51.500      0.944
    51.600      0.972
    51.700      0.991
    51.800      0.999
    51.900      0.998
    52.000      0.987
    52.100      0.965
    52.200      0.935
    52.300      0.894
    52.400      0.845
    52.500      0.788
    52.600      0.722
    52.700      0.650
    52.800      0.570
    52.900      0.486
    53.000      0.396
    53.100      0.302
    53.200      0.206
    53.300      0.107
    53.400      0.007
    53.500     -0.093
    53.600     -0.192
    53.700     -0.289
    53.800     -0.383
    53.900     -0.473
    54.000     -0.559
    54.100     -0.639
    54.200     -0.712
    54.300     -0.779
    54.400     -0.838
    54.500     -0.888
    54.600     -0.929
    54.700     -0.962
    54.800     -0.984
    54.900     -0.997
    55.000     -1.000
    55.100     -0.993
    55.200     -0.975
    55.300     -0.949
    55.400     -0.912
    55.500     -0.867
    55.600     -0.813
    55.700     -0.750
    55.800     -0.681
    55.900     -0.604
    56.000     -0.522
    56.100     -0.434
    56.200     -0.342
    56.300     -0.246
    56.400     -0.148
    56.500     -0.049
    56.600      0.051
    56.700      0.151
    56.800      0.249
    56.900      0.344
    57.000      0.436
    57.100      0.524
    57.200      0.606
    57.300      0.683
    57.400      0.752
    57.500      0.814
    57.600      0.868
    57.700      0.913
    57.800      0.949
    57.900      0.976
    58.000      0.993
    58.100      1.000
    58.200      0.997
    58.300      0.984
    58.400      0.961
    58.500      0.928
    58.600      0.887
    58.700      0.836
    58.800      0.777
    58.900      0.711
    59.000      0.637
    59.100      0.557
    59.200      0.471
    59.300      0.380
    59.400      0.286
    59.500      0.189
    59.600      0.090
    59.700     -0.010
    59.800     -0.110
    59.900     -0.208
    60.000     -0.305
    60.100     -0.398
    60.200     -0.488
    60.300     -0.573
    60.400     -0.652
    60.500     -0.724
    60.600     -0.789
    60.700     -0.847
    60.800     -0.896
    60.900     -0.936
    61.000     -0.966
    61.100     -0.987
    61.200     -0.998
    61.300     -0.999
    61.400     -0.990
    61.500     -0.972
    61.600     -0.943
    61.700     -0.905
    61.800     -0.858
    61.900     -0.803
    62.000     -0.739
    62.100     -0.668
    62.200     -0.591
    62.300     -0.507
    62.400     -0.419
    62.500     -0.326
    62.600     -0.230
    62.700     -0.131
    62.800     -0.032
    62.900      0.068
    63.000      0.167
    63.100      0.265
    63.200      0.360
    63.300      0.451
    63.400      0.538
    63.500      0.620
    63.600      0.695
    63.700      0.763
    63.800      0.824
    63.900      0.876
    64.000      0.920
    64.100      0.955
    64.200      0.980
    64.300      0.995
    64.400      1.000
    64.500      0.995
    64.600      0.981
    64.700      0.956
    64.800      0.922
    64.900      0.879
    65.000      0.827
    65.100      0.767
    65.200      0.699
    65.300      0.624
    65.400      0.543
    65.500      0.456
    65.600      0.365
    65.700      0.270
    65.800      0.173
    65.900      0.073
    66.000     -0.027
    66.100     -0.126
    66.200     -0.225
    66.300     -0.321
    66.400     -0.414
    66.500     -0.503
    66.600     -0.586
    66.700     -0.664
    66.800     -0.736
    66.900     -0.800
    67.000     -0.856
    67.100     -0.903
    67.200     -0.941
    67.300     -0.970
    67.400     -0.990
    67.500     -0.999
    67.600     -0.998
    67.700     -0.988
    67.800     -0.967
    67.900     -0.937
    68.000     -0.898
    68.100     -0.850
    68.200     -0.793
    68.300     -0.728
    68.400     -0.656
    68.500     -0.577
    68.600     -0.493
    68.700     -0.403
    68.800     -0.310
    68.900     -0.213
    69.000     -0.115
    69.100     -0.015
    69.200      0.085
    69.300      0.184
    69.400      0.281
    69.500      0.376
    69.600      0.466
    69.700      0.552
    69.800      0.633
    69.900      0.707
    70.000      0.774
    70.100      0.833
    70.200      0.884
    70.300      0.926
    70.400      0.959
    70.500      0.983
    70.600      0.996
    70.700      1.000
    70.800      0.993
    70.900      0.977
    71.000      0.951
    71.100      0.915
    71.200      0.871
    71.300      0.817
    71.400      0.756
    71.500      0.686
    71.600      0.610
    71.700      0.528
    71.800      0.441
    71.900      0.349
    72.000      0.254
    72.100      0.156
    72.200      0.057
    72.300     -0.043
    72.400     -0.143
    72.500     -0.241
    72.600     -0.337
    72.700     -0.429
    72.800     -0.517
    72.900     -0.600
    73.000     -0.677
    73.100     -0.747
    73.200     -0.810
    73.300     -0.864
    73.400     -0.910
    73.500     -0.947
    73.600     -0.974
    73.700     -0.992
    73.800     -1.000
    73.900     -0.997
    74.000     -0.985
    74.100     -0.963
    74.200     -0.931
    74.300     -0.890
    74.400     -0.841
    74.500     -0.782
    74.600     -0.716
    74.700     -0.643
    74.800     -0.563
    74.900     -0.478
    75.000     -0.388
    75.100     -0.294
    75.200     -0.197
    75.300     -0.098
    75.400      0.002
    75.500      0.102
    75.600      0.200
    75.700      0.297
    75.800      0.391
    75.900      0.481
    76.000      0.566
    76.100      0.646
    76.200      0.719
    76.300      0.784
    76.400      0.842
    76.500      0.892
    76.600      0.933
    76.700      0.964
    76.800      0.986
    76.900      0.998
    77.000      1.000
    77.100      0.991
    77.200      0.973
    77.300      0.946
    77.400      0.909
    77.500      0.862
    77.600      0.807
    77.700      0.745
    77.800      0.674
    77.900      0.597
    78.000      0.514
    78.100      0.426
    78.200      0.333
    78.300      0.238
    78.400      0.139
    78.500      0.040
    78.600     -0.060
    78.700     -0.159
    78.800     -0.257
    78.900     -0.352
    79.000     -0.444
    79.100     -0.531
    79.200     -0.613
    79.300     -0.689
    79.400     -0.758
    79.500     -0.819
    79.600     -0.872
    79.700     -0.917
    79.800     -0.952
    79.900     -0.978
    80.000     -0.994
    80.100     -1.000
    80.200     -0.996
    80.300     -0.982
    80.400     -0.958
    80.500     -0.925
    80.600     -0.883
    80.700     -0.831
    80.800     -0.772
    80.900     -0.704
    81.000     -0.630
    81.100     -0.549
    81.200     -0.463
    81.300     -0.372
    81.400     -0.278
    81.500     -0.180
    81.600     -0.081
    81.700      0.019
    81.800      0.118
    81.900      0.217
    82.000      0.313
    82.100      0.406
    82.200      0.496
    82.300      0.580
    82.400      0.658
    82.500      0.730
    82.600      0.795
    82.700      0.851
    82.800      0.899
    82.900      0.939
    83.000      0.968
    83.100      0.988
    83.200      0.999
    83.300      0.999
    83.400      0.989
    83.500      0.969
    83.600      0.940
    83.700      0.901
    83.800      0.854
    83.900      0.797
    84.000      0.733
    84.100      0.662
    84.200      0.583
    84.300      0.499
    84.400      0.410
    84.500      0.317
    84.600      0.221
    84.700      0.123
    84.800      0.023
    84.900     -0.077
    85.000     -0.176
    85.100     -0.273
    85.200     -0.368
    85.300     -0.459
    85.400     -0.546
    85.500     -0.626
    85.600     -0.701
    85.700     -0.769
    85.800     -0.829
    85.900     -0.881
    86.000     -0.923
    86.100     -0.957
    86.200     -0.981
    86.300     -0.996
    86.400     -1.000
    86.500     -0.994
    86.600     -0.979
    86.700     -0.953
    86.800     -0.919
    86.900     -0.875
    87.000     -0.822
    87.100     -0.761
    87.200     -0.692
    87.300     -0.617
    87.400     -0.535
    87.500     -0.448
    87.600     -0.357
    87.700     -0.262
    87.800     -0.164
    87.900     -0.065
    88.000      0.035
    88.100      0.135
    88.200      0.233
    88.300      0.329
    88.400      0.422
    88.500      0.510
    88.600      0.594
    88.700      0.671
    88.800      0.742
    88.900      0.805
    89.000      0.860
    89.100      0.907
    89.200      0.944
    89.300      0.972
    89.400      0.991
    89.500      0.999
    89.600      0.998
    89.700      0.986
    89.800      0.965
    89.900      0.934
    90.000      0.894
    90.100      0.845
    90.200      0.787
    90.300      0.722
    90.400      0.649
    90.500      0.570
    90.600      0.485
    90.700      0.395
    90.800      0.301
    90.900      0.205
    91.000      0.106
    91.100      0.006
    91.200     -0.094
    91.300     -0.193
    91.400     -0.290
    91.500     -0.384
    91.600     -0.474
    91.700     -0.560
    91.800     -0.639
    91.900     -0.713
    92.000     -0.779
    92.100     -0.838
    92.200     -0.888
    92.300     -0.930
    92.400     -0.962
    92.500     -0.984
    92.600     -0.997
    92.700     -1.000
    92.800     -0.992
    92.900     -0.975
    93.000     -0.948
    93.100     -0.912
    93.200     -0.866
    93.300     -0.812
    93.400     -0.750
    93.500     -0.680
    93.600     -0.603
    93.700     -0.521
    93.800     -0.433
    93.900     -0.341
    94.000     -0.245
    94.100     -0.147
    94.200     -0.048
    94.300      0.052
    94.400      0.152
    94.500      0.250
    94.600      0.345
    94.700      0.437
    94.800      0.525
    94.900      0.607
    95.000      0.683
    95.100      0.753
    95.200      0.815
    95.300      0.869
    95.400      0.914
    95.500      0.950
    95.600      0.976
    95.700      0.993
    95.800      1.000
    95.900      0.997
    96.000      0.984
    96.100      0.961
    96.200      0.928
    96.300      0.886
    96.400      0.836
    96.500      0.777
    96.600      0.710
    96.700      0.636
    96.800      0.556
    96.900      0.470
    97.000      0.380
    97.100      0.285
    97.200      0.188
    97.300      0.089
    97.400     -0.011
    97.500     -0.110
    97.600     -0.209
    97.700     -0.306
    97.800     -0.399
    97.900     -0.489
    98.000     -0.573
    98.100     -0.652
    98.200     -0.725
    98.300     -0.790
    98.400     -0.847
    98.500     -0.896
    98.600     -0.936
    98.700     -0.966
    98.800     -0.987
    98.900     -0.998
    99.000     -0.999
    99.100     -0.990
    99.200     -0.971
    99.300     -0.943
    99.400     -0.905
    99.500     -0.858
    99.600     -0.802
    99.700     -0.739
    99.800     -0.668
    99.900     -0.590
